//Width=32
0000031c
00036090
0000031c
00036090
0000131c
0B036090
828C0CF0
0E110A14
1000A112
00BD0101
0000121c
32410000
53325A57
50473139
3046444A
00003838
0000061c
EA560390
00000062
00002e1c
4D285301
52049000
00000008
41210000
02624141
43838262
03A303A3
03030303
03030303
00000003
00000000
00001900
00009c21
00008021
00000021
0000b021
00000000
00000000
00000000
00000000
00000000
00000000
00000000
00000000
00000000
00000000
00000000
00000000
00000000
00000000
00000000
00000000
00000000
00000000
00000000
00000000
00000000
00000000
00000000
00000000
00000000
00000000
00000000